 <pre>

 Contingency table for Cloud cover (octas)
 Selection: ALL    608 stations
Period: 20230701-20230715
Used {00,03,...,21} + 01 02 ... 60
 Limits   0.500000000       1.50000000       2.50000000       3.50000000       4.50000000       5.50000000       6.50000000       7.50000000    
 Each class is data <= limit, the very last > last limit
 Total number of values      897661
                                                       OBSERVATION
                                 101363    15714    11993     8630     5739     6314     6247     9279     9624 |    174903
                                  23317     5707     4618     4167     3176     3705     4049     6682     6626 |     62047
                                  13022     3633     2838     2782     2251     2726     2987     5172     5127 |     40538
                                  10424     3004     2334     2482     2014     2599     2794     4920     4700 |     35271
                       CY46ref     9494     2938     2411     2624     2138     2822     3119     5309     5159 |     36014
                                   8989     3048     2304     2633     2370     3045     3538     6124     5898 |     37949
                                  10520     3523     2702     2942     2551     3680     4102     7956     7641 |     45617
                                  14857     4955     3583     4161     3611     5033     6059    13037    13502 |     68798
                                  34593    16383    10593    14985    12244    21241    25868   101138   159479 |    396524

                    SUM          226579    58905    43376    45406    36094    51165    58763   159617   217756 |    897661
                                                       OBSERVATION
                                 102329    15717    12072     8771     5857     6389     6338     9417     9897 |    176787
                                  23407     5864     4630     4243     3076     3766     4052     6788     6662 |     62488
                                  12667     3570     2838     2712     2253     2717     3090     5231     5163 |     40241
                                  10290     2897     2325     2443     1879     2494     2801     4958     4804 |     34891
                      C43h2ref     9339     2960     2320     2519     2149     2835     3150     5403     5108 |     35783
                                   8933     3098     2328     2682     2333     3102     3495     6244     5935 |     38150
                                  10458     3493     2745     2906     2631     3615     4097     7834     7840 |     45619
                                  14709     4786     3637     4182     3621     5114     6017    12998    13587 |     68651
                                  34447    16520    10481    14948    12295    21133    25723   100744   158760 |    395051

                    SUM          226579    58905    43376    45406    36094    51165    58763   159617   217756 |    897661
                                                       OBSERVATION
                                 103043    16119    12490     8931     6000     6609     6562     9591     9628 |    178973
                                  22727     5584     4372     4099     3037     3730     4020     6536     6633 |     60738
                                  12611     3558     2754     2733     2146     2577     2917     5157     5060 |     39513
                                  10132     2916     2263     2359     1928     2425     2851     4834     4637 |     34345
                       CY46dif     9215     2905     2305     2467     2075     2708     3035     5296     5075 |     35081
                                   9108     2948     2339     2631     2240     3180     3348     6179     5807 |     37780
                                  10490     3476     2683     3107     2610     3535     4090     7842     7792 |     45625
                                  14597     4933     3673     4238     3782     5322     6128    13300    13685 |     69658
                                  34656    16466    10497    14841    12276    21079    25812   100882   159439 |    395948

                    SUM          226579    58905    43376    45406    36094    51165    58763   159617   217756 |    897661

